
****************************************************************************************************************
#input

****************************************************************************************************************
{'voxels': array([[[ 7.2141542 , -4.03521   , -1.6507488 ,  0.35      ],
        [ 7.2249637 , -4.011442  , -1.6497455 ,  0.33      ],
        [ 0.        ,  0.        ,  0.        ,  0.        ],
        ...,
        [ 0.        ,  0.        ,  0.        ,  0.        ],
        [ 0.        ,  0.        ,  0.        ,  0.        ],
        [ 0.        ,  0.        ,  0.        ,  0.        ]],

       [[ 8.743081  , -5.4271507 , -1.6096056 ,  0.3       ],
        [ 8.716951  , -5.4881415 , -1.6116124 ,  0.25      ],
        [ 8.661622  , -5.5670347 , -1.610609  ,  0.22      ],
        ...,
        [ 0.        ,  0.        ,  0.        ,  0.        ],
        [ 0.        ,  0.        ,  0.        ,  0.        ],
        [ 0.        ,  0.        ,  0.        ,  0.        ]],

       [[ 7.25781   , -4.5029078 , -1.628672  ,  0.27      ],
        [ 7.286184  , -4.441921  , -1.626665  ,  0.25      ],
        [ 7.219996  , -4.5737524 , -1.6296754 ,  0.25      ],
        ...,
        [ 0.        ,  0.        ,  0.        ,  0.        ],
        [ 0.        ,  0.        ,  0.        ,  0.        ],
        [ 0.        ,  0.        ,  0.        ,  0.        ]],

       ...,

       [[18.090384  , 30.784302  , -0.93724614,  0.26      ],
        [ 0.        ,  0.        ,  0.        ,  0.        ],
        [ 0.        ,  0.        ,  0.        ,  0.        ],
        ...,
        [ 0.        ,  0.        ,  0.        ,  0.        ],
        [ 0.        ,  0.        ,  0.        ,  0.        ],
        [ 0.        ,  0.        ,  0.        ,  0.        ]],

       [[19.369268  , 33.66435   ,  0.3308519 ,  0.21      ],
        [ 0.        ,  0.        ,  0.        ,  0.        ],
        [ 0.        ,  0.        ,  0.        ,  0.        ],
        ...,
        [ 0.        ,  0.        ,  0.        ,  0.        ],
        [ 0.        ,  0.        ,  0.        ,  0.        ],
        [ 0.        ,  0.        ,  0.        ,  0.        ]],

       [[ 9.715387  , 23.39372   , -1.0669723 ,  0.29      ],
        [ 0.        ,  0.        ,  0.        ,  0.        ],
        [ 0.        ,  0.        ,  0.        ,  0.        ],
        ...,
        [ 0.        ,  0.        ,  0.        ,  0.        ],
        [ 0.        ,  0.        ,  0.        ,  0.        ],
        [ 0.        ,  0.        ,  0.        ,  0.        ]]],
      dtype=float32), 
'num_points': array([2, 8, 7, ..., 1, 1, 1], dtype=int32),
'coordinates':
 array([[  0,   3, 179,  36],
       [  0,   3, 172,  43],
       [  0,   3, 177,  36],
       ...,
       [  3,   5, 353,  90],
       [  3,   8, 368,  96],
       [  3,   4, 316,  48]], dtype=int32), 
'rect': array([[[ 0.9999239 ,  0.00983776, -0.00744505,  0.        ],
        [-0.0098698 ,  0.9999421 , -0.00427846,  0.        ],
        [ 0.00740253,  0.00435161,  0.9999631 ,  0.        ],
        [ 0.        ,  0.        ,  0.        ,  1.        ]],

       [[ 0.9999239 ,  0.00983776, -0.00744505,  0.        ],
        [-0.0098698 ,  0.9999421 , -0.00427846,  0.        ],
        [ 0.00740253,  0.00435161,  0.9999631 ,  0.        ],
        [ 0.        ,  0.        ,  0.        ,  1.        ]],

       [[ 0.9999239 ,  0.00983776, -0.00744505,  0.        ],
        [-0.0098698 ,  0.9999421 , -0.00427846,  0.        ],
        [ 0.00740253,  0.00435161,  0.9999631 ,  0.        ],
        [ 0.        ,  0.        ,  0.        ,  1.        ]],

       [[ 0.9999239 ,  0.00983776, -0.00744505,  0.        ],
        [-0.0098698 ,  0.9999421 , -0.00427846,  0.        ],
        [ 0.00740253,  0.00435161,  0.9999631 ,  0.        ],
        [ 0.        ,  0.        ,  0.        ,  1.        ]]],
      dtype=float32), 
'Trv2c': array([[[ 7.533745e-03, -9.999714e-01, -6.166020e-04, -4.069766e-03],
        [ 1.480249e-02,  7.280733e-04, -9.998902e-01, -7.631618e-02],
        [ 9.998621e-01,  7.523790e-03,  1.480755e-02, -2.717806e-01],
        [ 0.000000e+00,  0.000000e+00,  0.000000e+00,  1.000000e+00]],

       [[ 7.533745e-03, -9.999714e-01, -6.166020e-04, -4.069766e-03],
        [ 1.480249e-02,  7.280733e-04, -9.998902e-01, -7.631618e-02],
        [ 9.998621e-01,  7.523790e-03,  1.480755e-02, -2.717806e-01],
        [ 0.000000e+00,  0.000000e+00,  0.000000e+00,  1.000000e+00]],

       [[ 7.533745e-03, -9.999714e-01, -6.166020e-04, -4.069766e-03],
        [ 1.480249e-02,  7.280733e-04, -9.998902e-01, -7.631618e-02],
        [ 9.998621e-01,  7.523790e-03,  1.480755e-02, -2.717806e-01],
        [ 0.000000e+00,  0.000000e+00,  0.000000e+00,  1.000000e+00]],

       [[ 7.533745e-03, -9.999714e-01, -6.166020e-04, -4.069766e-03],
        [ 1.480249e-02,  7.280733e-04, -9.998902e-01, -7.631618e-02],
        [ 9.998621e-01,  7.523790e-03,  1.480755e-02, -2.717806e-01],
        [ 0.000000e+00,  0.000000e+00,  0.000000e+00,  1.000000e+00]]],
      dtype=float32),
 'P2': array([[[7.215377e+02, 0.000000e+00, 6.095593e+02, 4.485728e+01],
        [0.000000e+00, 7.215377e+02, 1.728540e+02, 2.163791e-01],
        [0.000000e+00, 0.000000e+00, 1.000000e+00, 2.745884e-03],
        [0.000000e+00, 0.000000e+00, 0.000000e+00, 1.000000e+00]],

       [[7.215377e+02, 0.000000e+00, 6.095593e+02, 4.485728e+01],
        [0.000000e+00, 7.215377e+02, 1.728540e+02, 2.163791e-01],
        [0.000000e+00, 0.000000e+00, 1.000000e+00, 2.745884e-03],
        [0.000000e+00, 0.000000e+00, 0.000000e+00, 1.000000e+00]],

       [[7.215377e+02, 0.000000e+00, 6.095593e+02, 4.485728e+01],
        [0.000000e+00, 7.215377e+02, 1.728540e+02, 2.163791e-01],
        [0.000000e+00, 0.000000e+00, 1.000000e+00, 2.745884e-03],
        [0.000000e+00, 0.000000e+00, 0.000000e+00, 1.000000e+00]],

       [[7.215377e+02, 0.000000e+00, 6.095593e+02, 4.485728e+01],
        [0.000000e+00, 7.215377e+02, 1.728540e+02, 2.163791e-01],
        [0.000000e+00, 0.000000e+00, 1.000000e+00, 2.745884e-03],
        [0.000000e+00, 0.000000e+00, 0.000000e+00, 1.000000e+00]]],
      dtype=float32), 
'anchors': array([[[  0.        , -40.        ,  -1.78      , ...,   3.9       ,
           1.56      ,   0.        ],
        [  0.        , -40.        ,  -1.78      , ...,   3.9       ,
           1.56      ,   1.57      ],
        [  0.40228572, -40.        ,  -1.78      , ...,   3.9       ,
           1.56      ,   0.        ],
        ...,
        [ 69.99772   ,  40.        ,  -1.78      , ...,   3.9       ,
           1.56      ,   1.57      ],
        [ 70.4       ,  40.        ,  -1.78      , ...,   3.9       ,
           1.56      ,   0.        ],
        [ 70.4       ,  40.        ,  -1.78      , ...,   3.9       ,
           1.56      ,   1.57      ]],

       [[  0.        , -40.        ,  -1.78      , ...,   3.9       ,
           1.56      ,   0.        ],
        [  0.        , -40.        ,  -1.78      , ...,   3.9       ,
           1.56      ,   1.57      ],
        [  0.40228572, -40.        ,  -1.78      , ...,   3.9       ,
           1.56      ,   0.        ],
        ...,
        [ 69.99772   ,  40.        ,  -1.78      , ...,   3.9       ,
           1.56      ,   1.57      ],
        [ 70.4       ,  40.        ,  -1.78      , ...,   3.9       ,
           1.56      ,   0.        ],
        [ 70.4       ,  40.        ,  -1.78      , ...,   3.9       ,
           1.56      ,   1.57      ]],

       [[  0.        , -40.        ,  -1.78      , ...,   3.9       ,
           1.56      ,   0.        ],
        [  0.        , -40.        ,  -1.78      , ...,   3.9       ,
           1.56      ,   1.57      ],
        [  0.40228572, -40.        ,  -1.78      , ...,   3.9       ,
           1.56      ,   0.        ],
        ...,
        [ 69.99772   ,  40.        ,  -1.78      , ...,   3.9       ,
           1.56      ,   1.57      ],
        [ 70.4       ,  40.        ,  -1.78      , ...,   3.9       ,
           1.56      ,   0.        ],
        [ 70.4       ,  40.        ,  -1.78      , ...,   3.9       ,
           1.56      ,   1.57      ]],

       [[  0.        , -40.        ,  -1.78      , ...,   3.9       ,
           1.56      ,   0.        ],
        [  0.        , -40.        ,  -1.78      , ...,   3.9       ,
           1.56      ,   1.57      ],
        [  0.40228572, -40.        ,  -1.78      , ...,   3.9       ,
           1.56      ,   0.        ],
        ...,
        [ 69.99772   ,  40.        ,  -1.78      , ...,   3.9       ,
           1.56      ,   1.57      ],
        [ 70.4       ,  40.        ,  -1.78      , ...,   3.9       ,
           1.56      ,   0.        ],
        [ 70.4       ,  40.        ,  -1.78      , ...,   3.9       ,
           1.56      ,   1.57      ]]], dtype=float32), 
'anchors_mask': array([[0, 0, 0, ..., 0, 0, 0],
       [0, 0, 0, ..., 0, 0, 0],
       [0, 0, 0, ..., 0, 0, 0],
       [0, 0, 0, ..., 0, 0, 0]], dtype=uint8), 
'labels': array([[-1, -1, -1, ..., -1, -1, -1],
       [-1, -1, -1, ..., -1, -1, -1],
       [-1, -1, -1, ..., -1, -1, -1],
       [-1, -1, -1, ..., -1, -1, -1]], dtype=int32),
 'reg_targets': array([[[0., 0., 0., ..., 0., 0., 0.],
        [0., 0., 0., ..., 0., 0., 0.],
        [0., 0., 0., ..., 0., 0., 0.],
        ...,
        [0., 0., 0., ..., 0., 0., 0.],
        [0., 0., 0., ..., 0., 0., 0.],
        [0., 0., 0., ..., 0., 0., 0.]],

       [[0., 0., 0., ..., 0., 0., 0.],
        [0., 0., 0., ..., 0., 0., 0.],
        [0., 0., 0., ..., 0., 0., 0.],
        ...,
        [0., 0., 0., ..., 0., 0., 0.],
        [0., 0., 0., ..., 0., 0., 0.],
        [0., 0., 0., ..., 0., 0., 0.]],

       [[0., 0., 0., ..., 0., 0., 0.],
        [0., 0., 0., ..., 0., 0., 0.],
        [0., 0., 0., ..., 0., 0., 0.],
        ...,
        [0., 0., 0., ..., 0., 0., 0.],
        [0., 0., 0., ..., 0., 0., 0.],
        [0., 0., 0., ..., 0., 0., 0.]],

       [[0., 0., 0., ..., 0., 0., 0.],
        [0., 0., 0., ..., 0., 0., 0.],
        [0., 0., 0., ..., 0., 0., 0.],
        ...,
        [0., 0., 0., ..., 0., 0., 0.],
        [0., 0., 0., ..., 0., 0., 0.],
        [0., 0., 0., ..., 0., 0., 0.]]], dtype=float32), 'reg_weights': array([[0., 0., 0., ..., 0., 0., 0.],
       [0., 0., 0., ..., 0., 0., 0.],
       [0., 0., 0., ..., 0., 0., 0.],
       [0., 0., 0., ..., 0., 0., 0.]], dtype=float32), 'image_idx': array([3479, 1763, 3911, 3593]), 'image_shape': array([[ 375, 1242],
       [ 375, 1242],
       [ 375, 1242],
       [ 375, 1242]], dtype=int32)}


*****************************************************************************************************************
#result

****************************************************************************************************************
{'loss': tensor(80.9874, device='cuda:0', grad_fn=<AddBackward0>),
 'cls_loss': tensor([[[0.],
         [0.],
         [0.],
         ...,
         [0.],
         [0.],
         [0.]],

        [[0.],
         [0.],
         [0.],
         ...,
         [0.],
         [0.],
         [0.]],

        [[0.],
         [0.],
         [0.],
         ...,
         [0.],
         [0.],
         [0.]],

        [[0.],
         [0.],
         [0.],
         ...,
         [0.],
         [0.],
         [0.]]], device='cuda:0', grad_fn=<MulBackward0>), 
'loc_loss': tensor([[[0., 0., 0.,  ..., 0., 0., 0.],
         [0., 0., 0.,  ..., 0., 0., 0.],
         [0., 0., 0.,  ..., 0., 0., 0.],
         ...,
         [0., 0., 0.,  ..., 0., 0., 0.],
         [0., 0., 0.,  ..., 0., 0., 0.],
         [0., 0., 0.,  ..., 0., 0., 0.]],

        [[0., 0., 0.,  ..., 0., 0., 0.],
         [0., 0., 0.,  ..., 0., 0., 0.],
         [0., 0., 0.,  ..., 0., 0., 0.],
         ...,
         [0., 0., 0.,  ..., 0., 0., 0.],
         [0., 0., 0.,  ..., 0., 0., 0.],
         [0., 0., 0.,  ..., 0., 0., 0.]],

        [[0., 0., 0.,  ..., 0., 0., 0.],
         [0., 0., 0.,  ..., 0., 0., 0.],
         [0., 0., 0.,  ..., 0., 0., 0.],
         ...,
         [0., 0., 0.,  ..., 0., 0., 0.],
         [0., 0., 0.,  ..., 0., 0., 0.],
         [0., 0., 0.,  ..., 0., 0., 0.]],

        [[0., 0., 0.,  ..., 0., 0., 0.],
         [0., 0., 0.,  ..., 0., 0., 0.],
         [0., 0., 0.,  ..., 0., 0., 0.],
         ...,
         [0., 0., 0.,  ..., 0., 0., 0.],
         [0., 0., 0.,  ..., 0., 0., 0.],
         [0., 0., 0.,  ..., 0., 0., 0.]]], device='cuda:0',
       grad_fn=<MulBackward0>),

 'cls_pos_loss': tensor(0.0304, device='cuda:0', grad_fn=<DivBackward0>),
 'cls_neg_loss': tensor(76.0968, device='cuda:0', grad_fn=<DivBackward0>),
 'cls_preds': tensor([[[[ 0.1324,  0.0409],
          [ 0.0805,  0.1303],
          [ 0.0922,  0.0597],
          ...,
          [ 0.1050,  0.1224],
          [ 0.0691,  0.0220],
          [ 0.0782,  0.1752]],

         [[ 0.0349,  0.1651],
          [ 0.0632,  0.0108],
          [-0.0093,  0.0472],
          ...,
          [ 0.1017,  0.1020],
          [ 0.0343,  0.1006],
          [ 0.0253,  0.0385]],

         [[ 0.1440,  0.0247],
          [ 0.0025,  0.1781],
          [ 0.0953,  0.1736],
          ...,
          [ 0.0069,  0.1228],
          [ 0.1194,  0.0930],
          [ 0.0329,  0.1029]],

         ...,

         [[ 0.0120,  0.1534],
          [ 0.0802,  0.0600],
          [ 0.0142,  0.1539],
          ...,
          [ 0.0556,  0.1363],
          [-0.0429,  0.1473],
          [ 0.0405,  0.0678]],

         [[ 0.1504,  0.0173],
          [-0.0741,  0.2114],
          [ 0.0817,  0.1007],
          ...,
          [-0.0655,  0.1952],
          [ 0.1167,  0.0645],
          [ 0.0783,  0.1225]],

         [[-0.0090,  0.1114],
          [ 0.0422,  0.1173],
          [ 0.0013,  0.0044],
          ...,
          [ 0.0643,  0.1385],
          [-0.0170,  0.0409],
          [ 0.1199,  0.0390]]],


        [[[ 0.1323,  0.0409],
          [ 0.0804,  0.1303],
          [ 0.0921,  0.0596],
          ...,
          [ 0.0864,  0.1365],
          [ 0.0488,  0.0109],
          [ 0.0779,  0.1771]],

         [[ 0.0348,  0.1651],
          [ 0.0634,  0.0108],
          [-0.0094,  0.0472],
          ...,
          [ 0.0747,  0.1008],
          [ 0.0400,  0.0650],
          [ 0.0334,  0.0363]],

         [[ 0.1439,  0.0248],
          [ 0.0026,  0.1781],
          [ 0.0954,  0.1737],
          ...,
          [ 0.0371,  0.1484],
          [ 0.1311,  0.0859],
          [ 0.0169,  0.1070]],

         ...,

         [[ 0.0120,  0.1534],
          [ 0.0802,  0.0600],
          [ 0.0142,  0.1539],
          ...,
          [ 0.0556,  0.1363],
          [-0.0429,  0.1473],
          [ 0.0405,  0.0678]],

         [[ 0.1504,  0.0173],
          [-0.0741,  0.2114],
          [ 0.0817,  0.1007],
          ...,
          [-0.0655,  0.1952],
          [ 0.1167,  0.0645],
          [ 0.0783,  0.1225]],

         [[-0.0090,  0.1114],
          [ 0.0422,  0.1173],
          [ 0.0013,  0.0044],
          ...,
          [ 0.0643,  0.1385],
          [-0.0170,  0.0409],
          [ 0.1199,  0.0390]]],


        [[[ 0.1323,  0.0409],
          [ 0.0804,  0.1303],
          [ 0.0921,  0.0596],
          ...,
          [ 0.0846,  0.1391],
          [ 0.0510,  0.0125],
          [ 0.0771,  0.1787]],

         [[ 0.0348,  0.1651],
          [ 0.0634,  0.0108],
          [-0.0094,  0.0472],
          ...,
          [ 0.0760,  0.1037],
          [ 0.0436,  0.0666],
          [ 0.0352,  0.0355]],

         [[ 0.1439,  0.0248],
          [ 0.0026,  0.1781],
          [ 0.0954,  0.1737],
          ...,
          [ 0.0365,  0.1514],
          [ 0.1353,  0.0886],
          [ 0.0213,  0.1042]],

         ...,

         [[ 0.0134,  0.1519],
          [ 0.0797,  0.0573],
          [ 0.0128,  0.1550],
          ...,
          [ 0.0637,  0.1393],
          [-0.0431,  0.1422],
          [ 0.0301,  0.0625]],

         [[ 0.1487,  0.0186],
          [-0.0763,  0.2095],
          [ 0.0807,  0.1014],
          ...,
          [-0.0742,  0.1828],
          [ 0.1140,  0.0676],
          [ 0.0800,  0.1335]],

         [[-0.0104,  0.1124],
          [ 0.0416,  0.1178],
          [ 0.0010,  0.0046],
          ...,
          [ 0.0644,  0.1306],
          [-0.0182,  0.0425],
          [ 0.1179,  0.0387]]],


        [[[ 0.1323,  0.0409],
          [ 0.0804,  0.1303],
          [ 0.0921,  0.0596],
          ...,
          [ 0.0846,  0.1391],
          [ 0.0510,  0.0125],
          [ 0.0771,  0.1787]],

         [[ 0.0348,  0.1651],
          [ 0.0634,  0.0108],
          [-0.0094,  0.0472],
          ...,
          [ 0.0760,  0.1037],
          [ 0.0436,  0.0666],
          [ 0.0352,  0.0355]],

         [[ 0.1439,  0.0248],
          [ 0.0026,  0.1781],
          [ 0.0954,  0.1737],
          ...,
          [ 0.0365,  0.1514],
          [ 0.1353,  0.0886],
          [ 0.0213,  0.1042]],

         ...,

         [[-0.0062,  0.1468],
          [ 0.0819,  0.0432],
          [ 0.0274,  0.1795],
          ...,
          [ 0.0697,  0.1284],
          [-0.0367,  0.1551],
          [ 0.0550,  0.0428]],

         [[ 0.1440,  0.0220],
          [-0.0625,  0.2000],
          [ 0.0933,  0.1058],
          ...,
          [-0.0716,  0.1870],
          [ 0.1227,  0.0673],
          [ 0.0930,  0.1160]],

         [[ 0.0082,  0.1332],
          [ 0.0409,  0.1094],
          [-0.0095, -0.0036],
          ...,
          [ 0.0628,  0.1223],
          [-0.0214,  0.0545],
          [ 0.1316,  0.0374]]]], device='cuda:0', grad_fn=<CloneBackward>),
'dir_loss_reduced': tensor(0.9139, device='cuda:0', grad_fn=<DivBackward0>),
'cls_loss_reduced': tensor(76.1272, device='cuda:0', grad_fn=<MulBackward0>),
'loc_loss_reduced': tensor(4.6774, device='cuda:0', grad_fn=<MulBackward0>), 
'cared': tensor([[0, 0, 0,  ..., 0, 0, 0],
        [0, 0, 0,  ..., 0, 0, 0],
        [0, 0, 0,  ..., 0, 0, 0],
        [0, 0, 0,  ..., 0, 0, 0]], device='cuda:0', dtype=torch.uint8)}


